RNG_SEED <- 1
nGENERATIONS <- 2
nPOPULATIONS <- 4
# demography
nDEMOGRAPHIC_CHANGES <- 3
DEMOGRAPHIC_CHANGE_TIMES <- c(1000,2000,3000)
K_VALUES <- c(1.000000E+03,1.000000E+03,1.000000E+03,1.000000E+03,2.000000E+03,2.000000E+03,2.000000E+03,2.000000E+03,1.000000E+03,1.000000E+03,1.000000E+03,0.000000E+00,1.000000E+03,1.000000E+03,1.000000E+03,1.000000E+03)
K_VALUES <- matrix(data = K_VALUES, nrow = nDEMOGRAPHIC_CHANGES+1, ncol = nPOPULATIONS, byrow = TRUE)
FIXED_POP_SIZE <- 0
MAX_POP_GROWTH_RATE <- 2.000000E-02

# migration parameters
nMIGRATION_CHANGES <- 2
MIGRATION_CHANGE_TIMES <- c(2000,3000)
M_VALUES_period_1 <- c(0.000000E+00,1.000000E-01,5.000000E-02,1.000000E-02,1.000000E-01,0.000000E+00,1.000000E-01,5.000000E-02,5.000000E-02,1.000000E-01,0.000000E+00,5.000000E-02,1.000000E-02,5.000000E-02,1.000000E-01,0.000000E+00)
M_VALUES_period_1 <- matrix(data = M_VALUES_period_1, nrow = nPOPULATIONS, ncol = nPOPULATIONS, byrow = TRUE)
M_VALUES_period_2 <- c(0.000000E+00,0.000000E+00,0.000000E+00,0.000000E+00,0.000000E+00,0.000000E+00,0.000000E+00,0.000000E+00,0.000000E+00,0.000000E+00,0.000000E+00,0.000000E+00,0.000000E+00,0.000000E+00,0.000000E+00,0.000000E+00)
M_VALUES_period_2 <- matrix(data = M_VALUES_period_2, nrow = nPOPULATIONS, ncol = nPOPULATIONS, byrow = TRUE)
M_VALUES_period_3 <- c(0.000000E+00,1.000000E-01,5.000000E-02,1.000000E-02,1.000000E-01,0.000000E+00,1.000000E-01,5.000000E-02,5.000000E-02,1.000000E-01,0.000000E+00,5.000000E-02,1.000000E-02,5.000000E-02,1.000000E-01,0.000000E+00)
M_VALUES_period_3 <- matrix(data = M_VALUES_period_3, nrow = nPOPULATIONS, ncol = nPOPULATIONS, byrow = TRUE)

# genome parameters
nSITES <- 1000000
nLINKAGE_GROUPS <- 4
PLOIDY <- 2
RECOMBINATION_RATE_PER_KB <- 1.000000E-04
MU <- 1.000000E-09
GENOME_MU <- 2.000000E-03
THETA <- 1.604800E+01

# natural selection
INCLUDE_SELECTION <- 1
MEAN_S_BGS <- 2.000000E-02
MEAN_S_POS <- 1.000000E-02
MEAN_S_DIV <- 1.000000E-02
PROBABILITY_SITE_BGS <- 1.000000E-02
PROBABILITY_SITE_POS <- 5.000000E-03
PROBABILITY_SITE_DIV <- 5.000000E-03
ENVIRONMENT_TYPE <- 0
ENVT_MIN <- -1.000000E+00
ENVT_MAX <- 1.000000E+00
environmentGradient <- c(-1.000000E+00,-3.333333E-01,3.333333E-01,1.000000E+00)
FITNESS_MODEL <- 1

# codes and magic numbers
nSITE_CLASSES <- 4
SITE_CLASS_NEUTRAL <- 0
SITE_CLASS_BGS <- 1
SITE_CLASS_POS <- 2
SITE_CLASS_DIV <- 3
ALLELE_CODE_ANCESTRAL <- 0
ALLELE_CODE_DERIVED <- 1
ENVT_TYPE_GRADIENT <- 0
ENVT_TYPE_MOSAIC <- 1
ENVT_TYPE_INVARIANT <- 2
FITNESS_MODEL_ADDITIVE <- 0
FITNESS_MODEL_MULTIPLICATIVE <- 1
LOCUS_STATUS_INACTIVE <- 0
LOCUS_STATUS_VARIABLE_IN_PARENTS <- 1
LOCUS_STATUS_VARIABLE_PLUS_MUT <- 2
LOCUS_STATUS_NEW_MUT_ONLY <- 3
LOCUS_STATUS_TRACKED_IN_PARENTS <- 4
CODOMINANCE <- 5.000000E-01

N <- 4012
nSelectedSites <- 4
abundances <- c(1004,973,1061,974)

